2 0.48424657534246573 0.708904109589041 0.7452054794520548 0.3917808219178082
0 0.2856164383561644 0.5472602739726027 0.3308219178082192 0.0547945205479452
0 0.6520547945205479 0.5472602739726027 0.4047945205479452 0.05547945205479452
0 0.2856164383561644 0.6047945205479452 0.3273972602739726 0.06164383561643835
0 0.6513698630136986 0.6047945205479452 0.40342465753424656 0.06301369863013699
0 0.2863013698630137 0.6732876712328767 0.32602739726027397 0.07602739726027398
0 0.6513698630136986 0.6732876712328767 0.4054794520547945 0.08013698630136987
0 0.28698630136986303 0.7643835616438356 0.3267123287671233 0.10410958904109589
0 0.6513698630136986 0.7650684931506849 0.40273972602739727 0.10410958904109589
0 0.2863013698630137 0.8417808219178082 0.32808219178082193 0.04863013698630137
0 0.6520547945205479 0.8404109589041096 0.40205479452054793 0.050684931506849315
0 0.65 0.8815068493150685 0.4041095890410959 0.03287671232876712
0 0.2863013698630137 0.8815068493150685 0.3226027397260274 0.03356164383561644