2 0.5212328767123288 0.4904109589041096 0.8294520547945206 0.8267123287671233
1 0.5198630136986301 0.09726027397260274 0.8068493150684931 0.022602739726027398
1 0.5253424657534247 0.5047945205479452 0.797945205479452 0.017123287671232876
0 0.20410958904109588 0.25616438356164384 0.1678082191780822 0.3
0 0.6013698630136987 0.2547945205479452 0.6287671232876713 0.2993150684931507
0 0.20136986301369864 0.45 0.16917808219178082 0.09246575342465753
0 0.6061643835616438 0.45 0.6342465753424658 0.08972602739726028
0 0.20273972602739726 0.6541095890410958 0.1643835616438356 0.27945205479452057
0 0.6054794520547945 0.6547945205479452 0.6321917808219178 0.2828767123287671
0 0.2047945205479452 0.8404109589041096 0.16917808219178082 0.08835616438356164
0 0.6061643835616438 0.839041095890411 0.6363013698630137 0.0910958904109589
1 0.5164383561643836 0.5047945205479452 0.8006849315068493 0.01986301369863014