2 0.5150684931506849 0.15 0.9013698630136986 0.05547945205479452
0 0.14383561643835616 0.14794520547945206 0.13013698630136986 0.03972602739726028
0 0.5931506849315068 0.14863013698630137 0.10342465753424658 0.03767123287671233
0 0.8034246575342465 0.14863013698630137 0.30205479452054795 0.03767123287671233
2 0.5157534246575343 0.33835616438356164 0.9226027397260274 0.23835616438356164
1 0.09452054794520548 0.25205479452054796 0.056164383561643834 0.04726027397260274
1 0.16712328767123288 0.25273972602739725 0.07534246575342465 0.05136986301369863
1 0.24178082191780823 0.2534246575342466 0.06712328767123288 0.05273972602739726
1 0.3678082191780822 0.2534246575342466 0.16917808219178082 0.04657534246575343
1 0.5445205479452054 0.2513698630136986 0.17191780821917807 0.04589041095890411
1 0.7164383561643836 0.25273972602739725 0.14726027397260275 0.04589041095890411
1 0.8815068493150685 0.25273972602739725 0.16712328767123288 0.04452054794520548
0 0.0958904109589041 0.3150684931506849 0.0589041095890411 0.06712328767123288
0 0.16712328767123288 0.3171232876712329 0.06712328767123288 0.07465753424657534
0 0.24315068493150685 0.3171232876712329 0.06164383561643835 0.06780821917808219
0 0.36917808219178083 0.31575342465753425 0.1643835616438356 0.07123287671232877
0 0.5431506849315069 0.31643835616438354 0.1726027397260274 0.07671232876712329
0 0.876027397260274 0.31643835616438354 0.17534246575342466 0.06917808219178082
0 0.09246575342465753 0.41164383561643836 0.06027397260273973 0.06917808219178082
0 0.1643835616438356 0.4123287671232877 0.06575342465753424 0.07054794520547945
0 0.24178082191780823 0.4136986301369863 0.0589041095890411 0.06917808219178082
0 0.3636986301369863 0.4123287671232877 0.16575342465753426 0.07123287671232877
0 0.5438356164383562 0.413013698630137 0.16986301369863013 0.07191780821917808
0 0.8773972602739726 0.410958904109589 0.16232876712328767 0.07054794520547945
0 0.19041095890410958 0.678082191780822 0.1780821917808219 0.2924657534246575
0 0.4657534246575342 0.678082191780822 0.36506849315068496 0.2979452054794521
0 0.7931506849315069 0.6787671232876712 0.28493150684931506 0.29726027397260274
2 0.5150684931506849 0.6691780821917809 0.8726027397260274 0.3458904109589041
1 0.18698630136986302 0.5178082191780822 0.17602739726027397 0.021917808219178082
1 0.4643835616438356 0.5164383561643836 0.37123287671232874 0.021917808219178082
1 0.7938356164383562 0.5171232876712328 0.29041095890410956 0.02945205479452055