2 0.510958904109589 0.786986301369863 0.7383561643835617 0.15821917808219177
1 0.2534246575342466 0.7232876712328767 0.18767123287671234 0.021917808219178082
1 0.43904109589041096 0.7239726027397261 0.18698630136986302 0.023287671232876714
1 0.6267123287671232 0.7232876712328767 0.19246575342465752 0.023287671232876714
1 0.7965753424657535 0.7232876712328767 0.15 0.01986301369863014
0 0.25273972602739725 0.7493150684931507 0.18561643835616437 0.030821917808219176
0 0.436986301369863 0.7493150684931507 0.19246575342465752 0.030136986301369864
0 0.6280821917808219 0.7493150684931507 0.19383561643835617 0.030136986301369864
0 0.7952054794520548 0.75 0.15205479452054796 0.030136986301369864
0 0.25205479452054796 0.7732876712328767 0.18561643835616437 0.01780821917808219
0 0.43767123287671234 0.7732876712328767 0.19383561643835617 0.019178082191780823
0 0.6267123287671232 0.773972602739726 0.19383561643835617 0.01986301369863014
0 0.7965753424657535 0.7746575342465754 0.1547945205479452 0.018493150684931507
0 0.7965753424657535 0.7931506849315069 0.15205479452054796 0.01780821917808219
0 0.6267123287671232 0.7931506849315069 0.18972602739726027 0.017123287671232876
0 0.4383561643835616 0.7924657534246575 0.19246575342465752 0.02054794520547945
0 0.2541095890410959 0.7938356164383562 0.1821917808219178 0.018493150684931507
0 0.4383561643835616 0.8116438356164384 0.19246575342465752 0.01780821917808219
0 0.6280821917808219 0.8116438356164384 0.19315068493150686 0.017123287671232876
0 0.7952054794520548 0.8123287671232877 0.1547945205479452 0.02054794520547945
0 0.7972602739726027 0.8301369863013699 0.16095890410958905 0.019178082191780823
0 0.7958904109589041 0.8486301369863014 0.16027397260273973 0.023287671232876714