2 0.5211251758087201 0.49034519956850053 0.829268635724332 0.8265695792880259
1 0.51985935302391 0.09746494066882416 0.8066526019690576 0.02233009708737864
1 0.5250492264416315 0.5049622437971952 0.7976230661040787 0.017464940668824164
0 0.20433192686357243 0.25618122977346275 0.16756680731364276 0.29969795037756203
0 0.6015471167369901 0.25460625674217907 0.6284388185654008 0.29962243797195254
0 0.20129395218002813 0.4499784250269687 0.16950773558368495 0.09243797195253506
0 0.6063853727144867 0.45028047464940674 0.6341068917018284 0.08995685005393743
0 0.2029113924050633 0.6543581445523193 0.16472573839662447 0.279277238403452
0 0.6052601969057665 0.6545307443365695 0.6318565400843882 0.2827076591154261
0 0.2048945147679325 0.8402373247033441 0.1688748241912799 0.08866235167206041
0 0.6059493670886076 0.839126213592233 0.6366104078762307 0.09089536138079828
1 0.5167088607594936 0.5046494066882417 0.800351617440225 0.01993527508090615