2 0.5151768033946252 0.14981380065717415 0.901032531824611 0.05553121577217963
0 0.14374823196605374 0.14818181818181816 0.1298868458274399 0.03974808324205915
0 0.5931824611032531 0.14866374589266154 0.10332390381895332 0.03757940854326397
0 0.8037623762376237 0.14856516976998904 0.3022206506364922 0.037393209200438114
2 0.515968882602546 0.3381489594742607 0.9228147100424328 0.2381818181818182
1 0.09482319660537483 0.25216867469879517 0.056280056577086277 0.047447973713033956
1 0.1671004243281471 0.25254107338444687 0.07557284299858558 0.05131434830230011
1 0.24173974540311174 0.25309967141292444 0.06724186704384724 0.0524315443592552
1 0.36748231966053746 0.2533187294633078 0.1692079207920792 0.04662650602409638
1 0.5445544554455446 0.2512814895947426 0.17173974540311174 0.04567360350492881
1 0.7161951909476663 0.2529463307776561 0.1472842998585573 0.04587075575027383
1 0.8817256011315417 0.2524315443592552 0.16717114568599717 0.04484118291347207
0 0.09603960396039604 0.31522453450164295 0.058727015558698734 0.06715224534501643
0 0.16698727015558698 0.3173165388828039 0.06725601131541725 0.07446878422782037
0 0.24315417256011315 0.3170317634173056 0.06198019801980198 0.06763417305585981
0 0.36909476661951907 0.31558598028477547 0.16432814710042434 0.07101861993428259
0 0.5430834512022631 0.3167579408543264 0.17284299858557284 0.0764841182913472
0 0.8757001414427157 0.3161117196056955 0.17533239038189533 0.06892661555312157
0 0.0927015558698727 0.41184008762322016 0.06014144271570015 0.0694961664841183
0 0.1642149929278642 0.41248630887185106 0.06574257425742573 0.0707776560788609
0 0.24164073550212165 0.4133844468784228 0.05896746817538896 0.06945235487404161
0 0.3637906647807638 0.41254107338444684 0.16584158415841585 0.07089813800657174
0 0.5436916548797737 0.4129572836801752 0.17002828854314003 0.07173055859802847
0 0.8771287128712871 0.4108543263964951 0.16202263083451202 0.07065717415115005
0 0.19008486562942006 0.6781380065717415 0.17811881188118814 0.2922782037239869
0 0.46545968882602545 0.6780065717415115 0.3651626591230552 0.29828039430449066
0 0.7930268741159829 0.6789813800657174 0.28476661951909477 0.2970974808324206
2 0.514964639321075 0.6691018619934282 0.8723196605374823 0.3461883899233297
1 0.1870862800565771 0.5180284775465498 0.17615275813295617 0.02212486308871851
1 0.46446958981612446 0.5163636363636364 0.3712446958981613 0.021927710843373492
1 0.793974540311174 0.5169441401971523 0.2907213578500707 0.029353778751369113