2 0.4845137880986937 0.7091233766233767 0.7450943396226415 0.39165584415584415
0 0.285544267053701 0.547077922077922 0.330566037735849 0.055129870129870126
0 0.652322206095791 0.5473376623376623 0.4048040638606677 0.05571428571428571
0 0.2856313497822932 0.6045129870129871 0.32741654571843254 0.06183982683982684
0 0.6514949201741654 0.6050432900432899 0.4031349782293178 0.06288961038961038
0 0.2862409288824383 0.6734415584415584 0.3257474600870827 0.07630952380952381
0 0.6512191582002903 0.6731493506493507 0.40547169811320755 0.08006493506493507
0 0.2867634252539913 0.7643290043290043 0.32679245283018865 0.1044047619047619
0 0.6512046444121916 0.7651948051948052 0.4025544267053701 0.1039935064935065
0 0.2860812772133527 0.8415259740259741 0.32831640058055156 0.04886363636363636
0 0.6523512336719884 0.8403463203463204 0.40195936139332367 0.050822510822510825
0 0.6497822931785195 0.8817857142857143 0.40435413642960816 0.03296536796536797
0 0.28613933236574746 0.8814935064935064 0.32265602322206094 0.03354978354978355