2 0.5108857142857143 0.7870891514500536 0.7384714285714284 0.1583780880773362
1 0.25325714285714285 0.7235445757250268 0.18745714285714285 0.022105263157894735
1 0.4389 0.724017185821697 0.1873142857142857 0.023050483351235232
1 0.6270142857142857 0.7233619763694952 0.19212857142857145 0.023533834586466167
1 0.7965571428571429 0.7233297529538131 0.15024285714285715 0.01987110633727175
0 0.2524285714285714 0.7493770139634801 0.1858 0.030805585392051558
0 0.4371285714285714 0.7494951664876477 0.1924142857142857 0.029828141783029002
0 0.6280857142857144 0.7493018259935553 0.1938142857142857 0.030214822771213748
0 0.7952714285714286 0.7503007518796992 0.15232857142857142 0.030021482277121373
0 0.2523 0.7734586466165414 0.1858857142857143 0.01770139634801289
0 0.43744285714285713 0.7734908700322234 0.19415714285714286 0.019441460794844254
0 0.6268142857142857 0.7741353383458647 0.194 0.01992481203007519
0 0.7963142857142856 0.774779806659506 0.155 0.018646616541353384
0 0.7964571428571429 0.7930397422126746 0.1523142857142857 0.01792696025778733
0 0.6266142857142857 0.7932975295381309 0.18962857142857145 0.01741138560687433
0 0.4384571428571429 0.7924704618689581 0.19212857142857145 0.020859291084854997
0 0.25415714285714286 0.7936412459720731 0.18217142857142857 0.018506981740064446
0 0.4384285714285714 0.8119548872180451 0.1921857142857143 0.01770139634801289
0 0.6284 0.8113641245972073 0.1932 0.017078410311493018
0 0.795242857142857 0.8122448979591838 0.15474285714285713 0.02069817400644468
0 0.7970285714285714 0.8299570354457573 0.16071428571428573 0.01929108485499463
0 0.7962142857142858 0.8486036519871106 0.15995714285714285 0.023157894736842103